2.8623836040496826
1.6918580532073975
1.2280548810958862
718.4619750976562
0.21868956089019775
0.5380479693412781
0.7580322623252869

4.525035381317139
2.1272130012512207
1.7618181705474854
1960.9903564453125
0.20907709002494812
-0.004288088995963335
1.2174097299575806

(-0.5145453561209474, 2.3294679107465886e-06)
SpearmanrResult(correlation=-0.3832716927453769, pvalue=0.0006885961170185614)
KendalltauResult(correlation=-0.23315315315315316, pvalue=0.0030807159285437032)

0.033028531819581985
0.18173754215240479
0.07760632038116455
38.29631423950195
0.00815951731055975
1.3475713729858398
0.013415844179689884

0.036243680864572525
0.19037774205207825
0.09057154506444931
79.61155700683594
0.008748357184231281
1.3301215171813965
0.014550910331308842

(-0.8198495957509033, 2.36732509948616e-19)
SpearmanrResult(correlation=-0.9423613086770982, pvalue=1.9229040053323728e-36)
KendalltauResult(correlation=-0.8140540540540542, pvalue=4.980300369978872e-25)

149.82296191798414
10.518129375914016
