1.8472336530685425
1.359129786491394
0.9890902042388916
731.2498168945312
0.1753924936056137
0.6421117186546326
0.5525372624397278

2.2179808616638184
1.489288568496704
1.2551100254058838
627.5617065429688
0.1928359568119049
0.5565972328186035
0.7186850309371948

(-0.6778320866160308, 1.7497922252604028e-11)
SpearmanrResult(correlation=-0.9421736158578264, pvalue=7.183353386116983e-37)
KendalltauResult(correlation=-0.8189473684210528, pvalue=1.216045051995587e-25)

0.031609416007995605
0.17779037356376648
0.07518678903579712
40.39569854736328
0.007797778584063053
1.3447178602218628
0.0128396051004529

0.0322350412607193
0.1795412003993988
0.03953838348388672
10.323506355285645
0.007942788302898407
1.369438886642456
0.012296375818550587

(-0.7776060181322287, 1.441791274077709e-16)
SpearmanrResult(correlation=-0.9421736158578264, pvalue=7.183353386116983e-37)
KendalltauResult(correlation=-0.8189473684210528, pvalue=1.216045051995587e-25)

20.5702633075602
10.621090709733453
