4.727839946746826
2.1743597984313965
1.5748977661132812
1063.42333984375
0.29673534631729126
0.4940102994441986
1.067277193069458

2.4980826377868652
1.580532431602478
1.1958314180374146
859.8101806640625
0.307334303855896
0.7020283341407776
0.725368320941925

(-0.5926085341805023, 5.1961757443735684e-08)
SpearmanrResult(correlation=-0.49714956405097244, pvalue=1.0321444494383881e-05)
KendalltauResult(correlation=-0.3625754527162978, pvalue=7.740791367993897e-06)

0.03847254067659378
0.19614417850971222
0.09789955615997314
57.59185791015625
0.009446211159229279
1.3291903734207153
0.016135558485984802

0.054410092532634735
0.23325970768928528
0.1761726588010788
119.1981430053711
0.013575912453234196
1.2662521600723267
0.024576209485530853

(-0.8335202217363685, 1.8954210494712062e-19)
SpearmanrResult(correlation=-0.9398390342052313, pvalue=6.627672442522874e-34)
KendalltauResult(correlation=-0.8229376257545272, pvalue=3.2925437908557383e-24)

12.792205528631147
10.773572331077004