0.7974256277084351
0.8929868936538696
0.6563172936439514
383.0681457519531
0.11840559542179108
0.8271151185035706
0.2903527617454529

1.3329399824142456
1.1545301675796509
0.9993321895599365
999.5952758789062
0.19639970362186432
0.7461822032928467
0.5030985474586487

(-0.9066950823737706, 4.634444981927347e-26)
SpearmanrResult(correlation=-0.9702290685609388, pvalue=9.475082899961116e-42)
KendalltauResult(correlation=-0.8606965174129355, pvalue=7.184603488205046e-25)

0.06088981032371521
0.2467586100101471
0.1607317179441452
98.22319793701172
0.01475229486823082
1.274214744567871
0.02690715901553631

0.046872951090335846
0.2165016233921051
0.1368713080883026
120.09654235839844
0.011976933106780052
1.2865973711013794
0.020312132313847542

(-0.866484917772441, 2.7666685154805523e-21)
SpearmanrResult(correlation=-0.9702290685609388, pvalue=9.475082899961116e-42)
KendalltauResult(correlation=-0.8606965174129355, pvalue=7.184603488205046e-25)

12.872488771576172
10.528410765876806